import settings;
import three;
surface ellipsoid(triple v1,triple v2,triple v3,real l1,real l2, real l3, triple pos=O) {
  transform3 T = identity(4);
  T[0][0] = l1*v1.x;
  T[1][0] = l1*v1.y;
  T[2][0] = l1*v1.z;
  T[0][1] = l2*v2.x;
  T[1][1] = l2*v2.y;
  T[2][1] = l2*v2.z;
  T[0][2] = l3*v3.x;
  T[1][2] = l3*v3.y;
  T[2][2] = l3*v3.z;
  T[0][3] = pos.x;
  T[1][3] = pos.y;
  T[2][3] = pos.z;
  return T*unitsphere;
}

size(200);

real gDx=7.5;
real gDy=7.5;
real gDz=7.5;

currentprojection=perspective(up=Y, camera = (gDx*15.5,gDy*15.5,gDz*11.0), target = (gDx*15.5,gDy*15.5,gDz*0.0) );
currentlight=Viewport;

  draw(  ellipsoid( (0.49999999999999944,-0.866025403784439,0.0), (-0.5625480276377636,-0.3247872551887554,0.7602979386186816), (-0.6584373292887203,-0.3801489693093404,-0.6495745103775113), 2.69182326128083, 3.66925450473411, 6.479710398904328,  (gDx*0, gDy*0, gDz*0)), rgb(0.16878392954588156,0.4583752069158193,0.5580594918839566)  );
  draw(  ellipsoid( (0.5000000000000008,-0.8660254037844382,-2.169116843867688e-15), (-0.5625440478077188,-0.32478495743281155,0.76030186485466), (-0.658440729508819,-0.38015093242732906,-0.6495699148656182), 2.691832718584252, 3.669234935849837, 6.4797221912099765,  (gDx*0, gDy*1, gDz*0)), rgb(0.16878394189915988,0.45837517663403304,0.5580594914613445)  );
  draw(  ellipsoid( (0.5000000000000016,-0.8660254037844377,-3.996117597287866e-15), (-0.5625362364170349,-0.3247804475242989,0.7603095709141597), (-0.658447403152109,-0.3801547854570787,-0.6495608950485906), 2.6918516130546664, 3.669195016519867, 6.4797472053765945,  (gDx*0, gDy*2, gDz*0)), rgb(0.16878393699122127,0.4583751886649405,0.5580594916292477)  );
  draw(  ellipsoid( (0.49999999999999745,-0.8660254037844402,1.207304631195321e-15), (-0.5625247453215895,-0.3247738131372421,0.760320906723718), (-0.6584572202511593,-0.3801604533618579,-0.6495476262744891), 2.6918799179524884, 3.6691335635168945, 6.479787597185228,  (gDx*0, gDy*3, gDz*0)), rgb(0.16878387023995262,0.4583753522933793,0.5580594939128437)  );
  draw(  ellipsoid( (0.5000000000000007,-0.8660254037844383,1.232484180822272e-14), (-0.5625096522642608,-0.3247650991565233,0.7603357952111645), (-0.6584701140595066,-0.38016789760558956,-0.6495301983130625), 2.6919176308986286, 3.669049217227721, 6.479845776464839,  (gDx*0, gDy*4, gDz*0)), rgb(0.1687836925087242,0.4583757879687458,0.5580594999931225)  );
  draw(  ellipsoid( (0.5000000000000195,-0.8660254037844274,-2.1285986695086387e-14), (-0.5624909353775661,-0.3247542929569971,0.7603542574511379), (-0.6584861028283371,-0.380177128725572,-0.6495085859139418), 2.6919648302676804, 3.6689404742109244, 6.479924214089152,  (gDx*0, gDy*5, gDz*0)), rgb(0.1687833555234991,0.45837661402594887,0.5580595115215645)  );
  draw(  ellipsoid( (0.5,-0.8660254037844387,1.0331040997216828e-14), (-0.5624684472489647,-0.3247413094298517,0.7603764382193363), (-0.6585053119370708,-0.38018821910967426,-0.6494826188597166), 2.69202177168249, 3.6688055465249145, 6.4800254584614105,  (gDx*0, gDy*6, gDz*0)), rgb(0.168782814098596,0.4583779412293627,0.5580595300439953)  );
  draw(  ellipsoid( (0.5000000000000007,-0.8660254037844382,-1.3432005491596446e-14), (-0.5624418598032962,-0.32472595916095975,0.7604026602978214), (-0.6585280209231859,-0.3802013301489039,-0.6494519183219003), 2.6920890541350806, 3.668642012225797, 6.480152353427089,  (gDx*0, gDy*7, gDz*0)), rgb(0.16878202611585025,0.4583798728239092,0.5580595570012998)  );
  draw(  ellipsoid( (0.4999999999999353,-0.866025403784476,6.621962245854838e-14), (-0.5656029222682076,-0.3265509994258744,0.7572699512694443), (-0.6558150153219494,-0.3786349756347107,-0.6531019988519201), 2.7299370161897194, 3.6647146939851685, 6.397159471274198,  (gDx*0, gDy*8, gDz*0)), rgb(0.17152363515812388,0.45168760994411844,0.5579469761421583)  );
  draw(  ellipsoid( (0.500000000000026,-0.8660254037844237,-3.160478889382094e-14), (-0.5709333433696491,-0.3296285194838497,0.7519176527862873), (-0.651179788866891,-0.3759588263931452,-0.6592570389676247), 2.792482441908282, 3.658539328033905, 6.264433378960428,  (gDx*0, gDy*9, gDz*0)), rgb(0.17619213344277293,0.4404547818298644,0.5576583653520021)  );
  draw(  ellipsoid( (0.49999999999995587,-0.8660254037844641,1.1833526563237647e-14), (-0.5765549851889423,-0.3328741759014058,0.7461763411364223), (-0.64620766712708,-0.37308817056818516,-0.6657483518028879), 2.856385009113263, 3.65239676862095, 6.134586279740713,  (gDx*0, gDy*10, gDz*0)), rgb(0.18114940636581603,0.4287624243805725,0.5572301832628997)  );
  draw(  ellipsoid( (0.4999999999999864,-0.8660254037844465,1.1475767921997139e-14), (-0.5825134084152562,-0.33631427315509366,0.7399802961488919), (-0.6408417347648744,-0.3699901480744428,-0.6726285463102187), 2.9216550162076507, 3.646245206158732, 6.007657549799916,  (gDx*0, gDy*11, gDz*0)), rgb(0.18642716227225845,0.4165811495348559,0.5566458600429343)  );
  draw(  ellipsoid( (0.5000000000000461,-0.866025403784412,-4.926548214593114e-14), (-0.5888511192795347,-0.33997335222873504,0.7332615352639161), (-0.6350231171565276,-0.3666307676319627,-0.6799467044573453), 2.988322365790574, 3.640021710104551, 5.883673367123613,  (gDx*0, gDy*12, gDz*0)), rgb(0.19205213136403848,0.40388115682044223,0.5558806881604277)  );
  draw(  ellipsoid( (0.5000000000000094,-0.8660254037844332,-4.1851866404851796e-14), (-0.5956098839057662,-0.34387552680503986,0.7259466152950339), (-0.628688210636839,-0.3629733076474988,-0.6877510536100137), 3.05642449027742, 3.6336526655050383, 5.762658604617332,  (gDx*0, gDy*13, gDz*0)), rgb(0.1980471462467536,0.39062939106269734,0.554894058627264)  );
  draw(  ellipsoid( (0.4999999999999928,-0.8660254037844428,9.304931747583994e-16), (-0.6028320630120866,-0.3480452538561566,0.7179540410588934), (-0.6217664383066999,-0.35897702052944236,-0.6960905077123268), 3.1260027649322204, 3.627058302402389, 5.644637797593534,  (gDx*0, gDy*14, gDz*0)), rgb(0.20441583726513582,0.3767971065529407,0.5536367868435146)  );
  draw(  ellipsoid( (0.5000000000000048,-0.8660254037844358,-7.701202391320732e-14), (-0.6105609718645352,-0.3525075414627318,0.7091923102006498), (-0.6141785568023617,-0.35459615510028225,-0.705015082925369), 3.1970999627074357, 3.6201543656996713, 5.529637593315243,  (gDx*0, gDy*15, gDz*0)), rgb(0.2111398078908073,0.36236587362028294,0.5520390567051583)  );
  draw(  ellipsoid( (0.4999999999999825,-0.8660254037844487,8.452889963961635e-14), (-0.6188409734345983,-0.3572880025979511,0.6995578123343955), (-0.6058348368974301,-0.34977890616723784,-0.7145760051960286), 3.2697616761258996, 3.612851961660421, 5.417684474818194,  (gDx*0, gDy*16, gDz*0)), rgb(0.21817729354502616,0.34733076187170064,0.5500226608896517)  );
  draw(  ellipsoid( (0.49999999999981176,-0.8660254037845473,1.9541006203542553e-13), (-0.627716483534156,-0.3624122807428737,0.6889334910325249), (-0.5966339047520695,-0.34446674551625533,-0.7248245614862521), 3.344033366074701, 3.6050571806882483, 5.3088103902546315,  (gDx*0, gDy*17, gDz*0)), rgb(0.22544642229810352,0.33170543549703013,0.5474728498047995)  );
  draw(  ellipsoid( (0.5000000000000485,-0.8660254037844107,-1.0403023063649059e-13), (-0.6372309384638318,-0.36790545385818596,0.6771870554624522), (-0.5864611931444839,-0.33859352773119267,-0.7358109077161704), 3.419962911906447, 3.5966701000393058, 5.2030496852843555,  (gDx*0, gDy*18, gDz*0)), rgb(0.2328246502720519,0.31555416907006845,0.5442852191548534)  );
  draw(  ellipsoid( (0.5000000000005311,-0.8660254037841321,-5.03148537092493e-13), (-0.6474243863264103,-0.37379064372640114,0.6641703235258811), (-0.5751883726131274,-0.3320851617629671,-0.7475812874514224), 3.4975978208580525, 3.5875848079214108, 5.100443347091387,  (gDx*0, gDy*19, gDz*0)), rgb(0.2401526428258205,0.29899089151304303,0.5403598436767285)  );
  draw(  ellipsoid( (0.4999999999699531,-0.8660254038017863,2.962977401965215e-11), (-0.6583307554207544,-0.3800874388049339,0.6497185200760744), (-0.5626727436951192,-0.3248592600380219,-0.7601748776894404), 3.5769869906286846, 3.5776901991042727, 5.0010348630935715,  (gDx*0, gDy*20, gDz*0)), rgb(0.2472257147427472,0.28221914676450055,0.5356250594506574)  );
  draw(  ellipsoid( (-0.6699738648420417,-0.3868095912163898,0.633650819120142), (0.49999999999989625,-0.8660254037844987,1.0328443695559617e-13), (-0.5487577064868591,-0.3168254095600745,-0.7736191824330451), 3.5668735265668925, 3.6581785938871487, 4.904868398268221,  (gDx*0, gDy*21, gDz*0)), rgb(0.25381977911871784,0.26555373312540315,0.5300886246562472)  );
  draw(  ellipsoid( (-0.682362932210019,-0.39396242259659975,0.6157714172706974), (0.5000000000000568,-0.8660254037844058,-8.474399448022024e-14), (-0.5332736902807846,-0.30788570863532555,-0.7879248451930153), 3.5550284577426816, 3.7412165341606776, 4.811982590139548,  (gDx*0, gDy*22, gDz*0)), rgb(0.25968791447717665,0.24945963367859889,0.5238771451914987)  );
  draw(  ellipsoid( (-0.6954877790937098,-0.40154005647774943,0.5958710700941476), (0.499999999999907,-0.8660254037844923,2.6973175931098194e-16), (-0.5160394840817818,-0.2979355350470187,-0.8030801129556473), 3.5420717957677534, 3.8261265162381357, 4.72240562653429,  (gDx*0, gDy*23, gDz*0)), rgb(0.2646295292107523,0.23458206338713433,0.517351336921149)  );
  draw(  ellipsoid( (-0.7037284203131011,-0.4062977929038728,0.5828279453878896), (0.4999999999998293,-0.8660254037845371,1.4951312696076093e-13), (-0.5047438067413984,-0.29141397269395114,-0.8125955858081749), 3.533646021198229, 3.8784167719122693, 4.669844887100543,  (gDx*0, gDy*24, gDz*0)), rgb(0.2670945811078769,0.22651472279436302,0.5134811078000432)  );
  draw(  ellipsoid( (-0.703695950534165,-0.40627904646850904,0.5828802154838137), (0.5000000000000165,-0.866025403784429,8.324152851538387e-14), (-0.504789073972292,-0.29144010774197393,-0.8125580929370788), 3.533493016876123, 3.8785096145270086, 4.669935306561802,  (gDx*0, gDy*25, gDz*0)), rgb(0.26708525318234605,0.22654639607464191,0.5134968402738673)  );
  draw(  ellipsoid( (-0.7036699146036746,-0.4062640146170655,0.582922123193898), (0.49999999999999356,-0.8660254037844424,0.0), (0.50482536711388,0.2914610615969453,0.8125280292341415), 3.533362366354505, 3.8785942357610126, 4.670006093214011,  (gDx*0, gDy*26, gDz*0)), rgb(0.2670775992688003,0.22657238519174638,0.513509749360042)  );
  draw(  ellipsoid( (-0.7036496679830226,-0.4062523252251317,0.5829547092155235), (0.49999999999996786,-0.8660254037844571,3.043895257363818e-14), (-0.5048535874364118,-0.29147735460776425,-0.8125046504503497), 3.5332527511591323, 3.878669620868468, 4.670060206711696,  (gDx*0, gDy*27, gDz*0)), rgb(0.2670714332576094,0.22659332208709418,0.5135201489509628)  );
  draw(  ellipsoid( (-0.7036346254725832,-0.40624364042773425,0.5829789176703386), (0.5000000000000117,-0.8660254037844318,2.484427073149681e-14), (-0.5048745525732563,-0.2914894588351933,-0.8124872808554732), 3.533163947345323, 3.878733833202688, 4.670100271020177,  (gDx*0, gDy*28, gDz*0)), rgb(0.2670666207197549,0.22660966321887246,0.5135282657745344)  );
  draw(  ellipsoid( (-0.7036241960773872,-0.4062376190136107,0.5829957011784931), (0.5000000000000011,-0.866025403784438,1.0295831803489765e-14), (-0.504889087517692,-0.2914978505892553,-0.8124752380272254), 3.5330963259648005, 3.8787846096745033, 4.670128517373055,  (gDx*0, gDy*29, gDz*0)), rgb(0.2670630655583586,0.22662173488721596,0.5135342619076962)  );
  draw(  ellipsoid( (-0.7036177706872696,-0.4062339093129074,0.5830060408755892), (0.5000000000000062,-0.866025403784435,-2.449777268541711e-15), (-0.5048980419580478,-0.29150302043779613,-0.8124678186258033), 3.5330505539571484, 3.878819830332474, 4.670146614167411,  (gDx*0, gDy*30, gDz*0)), rgb(0.26706070857598757,0.22662973809897008,0.5135382371928048)  );
  draw(  ellipsoid( (-0.7036147653290723,-0.4062321741685236,0.5830108769836366), (0.4999999999999972,-0.8660254037844404,1.2633341929957908e-14), (-0.5049022301504688,-0.2915054384918245,-0.8124643483370653), 3.5330273833616146, 3.8788378766223106, 4.670155514317865,  (gDx*0, gDy*31, gDz*0)), rgb(0.26705952802387684,0.226633746702787,0.5135402283113143)  );
  draw(  ellipsoid( (0.5000000000000029,-0.866025403784437,-2.265673948493073e-15), (-0.5625451528675816,-0.324785595439422,0.7603007746808162), (-0.6584397853905749,-0.38015038734040907,-0.6495711908788372), 2.691831474686976, 3.6692455373733748, 6.479706463673043,  (gDx*1, gDy*0, gDz*0)), rgb(0.16878422831103024,0.458374474548093,0.5580594816630436)  );
  draw(  ellipsoid( (0.5000000000000019,-0.8660254037844375,-3.055421178384145e-15), (-0.5625415627826827,-0.32478352270293825,0.7603043163909352), (-0.658442852601511,-0.38015215819546755,-0.6495670454058711), 2.6918404875517385, 3.669226765624944, 6.479717918252415,  (gDx*1, gDy*1, gDz*0)), rgb(0.16878423568049708,0.4583744564832025,0.5580594814109303)  );
  draw(  ellipsoid( (0.5000000000000001,-0.8660254037844387,-1.7487189075855876e-15), (-0.5625344973230956,-0.324779443457942,0.760311286532432), (-0.6584488889211162,-0.38015564326621465,-0.6495588869158807), 2.6918585003144035, 3.669188438941566, 6.479742242509527,  (gDx*1, gDy*2, gDz*0)), rgb(0.1687842212920905,0.45837449175373074,0.5580594819031653)  );
  draw(  ellipsoid( (0.4999999999999927,-0.8660254037844428,-2.747691894704133e-15), (-0.5625240660845903,-0.32477342097957707,0.7603215767692522), (-0.6584578005276169,-0.3801607883846191,-0.64954684195916), 2.6918854946690463, 3.6691293988472196, 6.479781528070691,  (gDx*1, gDy*3, gDz*0)), rgb(0.16878414209703446,0.4583746858858221,0.5580594846124699)  );
  draw(  ellipsoid( (0.5000000000000009,-0.8660254037844382,-8.012519045160483e-15), (-0.5625103150855664,-0.32476548183659926,0.7603351413881765), (-0.6584695478321961,-0.3801675706940844,-0.649530963673189), 2.6919214660615642, 3.6690483502107982, 6.479838075892573,  (gDx*1, gDy*4, gDz*0)), rgb(0.16878395112130729,0.4583751540276375,0.55805949114585)  );
  draw(  ellipsoid( (0.5000000000000028,-0.866025403784437,2.140206373220034e-14), (-0.5624932118865661,-0.32475560730003117,0.7603520119712465), (-0.6584841581857006,-0.38017600598563733,-0.6495112146000852), 2.6919664599432425, 3.668943940967134, 6.479914168415143,  (gDx*1, gDy*5, gDz*0)), rgb(0.16878360305539655,0.45837600724710026,0.558059503053368)  );
  draw(  ellipsoid( (0.5000000000000132,-0.866025403784431,-1.2532975256303728e-14), (-0.5624726265696887,-0.3247437223618291,0.7603723161362326), (-0.6585017421083879,-0.38018615806811895,-0.6494874447236233), 2.6920206320189273, 3.6688146981112864, 6.480012037821879,  (gDx*1, gDy*6, gDz*0)), rgb(0.16878305649715794,0.4583773470339404,0.558059521751413)  );
  draw(  ellipsoid( (0.49999999999998873,-0.8660254037844451,2.5258389698850867e-14), (-0.5624482807877417,-0.3247296663180135,0.7603963277475144), (-0.658522536773742,-0.38019816387376315,-0.6494593326360741), 2.692084351048125, 3.6686587786156317, 6.480134058848453,  (gDx*1, gDy*7, gDz*0)), rgb(0.1687822727606153,0.4583792682197022,0.5580595485634526)  );
  draw(  ellipsoid( (0.5000000000000172,-0.8660254037844287,-2.4132257258056513e-14), (-0.5656041297405596,-0.32655169656051236,0.757268748789936), (-0.6558139739441414,-0.37863437439496744,-0.6531033931209702), 2.7299355179120233, 3.664713312845994, 6.397165393174317,  (gDx*1, gDy*8, gDz*0)), rgb(0.17152346739669277,0.45168801646387924,0.5579469848400938)  );
  draw(  ellipsoid( (0.4999999999999457,-0.86602540378447,4.8159673236370996e-14), (-0.5709315897068339,-0.32962750700601146,0.7519194281968179), (-0.6511813264175215,-0.37595971409839535,-0.6592550140121576), 2.7924889077468174, 3.658524784213062, 6.264443777134596,  (gDx*1, gDy*9, gDz*0)), rgb(0.17619205935224752,0.4404549580641546,0.5576583709720166)  );
  draw(  ellipsoid( (0.5000000000000066,-0.8660254037844348,-3.3467595079666137e-15), (-0.5765525772087013,-0.3328727856534252,0.7461788219222878), (-0.6462098155506444,-0.373089410961147,-0.6657455713068368), 2.8563940074500387, 3.6523792020587873, 6.134596459246811,  (gDx*1, gDy*10, gDz*0)), rgb(0.18114937949349866,0.42876248699455843,0.5572301859385699)  );
  draw(  ellipsoid( (0.5000000000000682,-0.8660254037843992,-1.1195260172652665e-13), (-0.5825111050313155,-0.33631294329593386,0.7399827137756811), (-0.6408438284910976,-0.3699913568878257,-0.6726258865916316), 2.9216644516853454, 3.646228671360553, 6.007665391387141,  (gDx*1, gDy*11, gDz*0)), rgb(0.1864271847591518,0.41658109819761413,0.556645857277382)  );
  draw(  ellipsoid( (0.49999999999995104,-0.866025403784467,7.85824632385587e-14), (-0.5888490773504776,-0.3399721733202486,0.7332637216386734), (-0.6350250106126069,-0.3666318608193468,-0.6799443466406656), 2.9883314454932592, 3.640007628175759, 5.883678252076713,  (gDx*1, gDy*12, gDz*0)), rgb(0.19205221181367657,0.4038809768108812,0.5558806763679837)  );
  draw(  ellipsoid( (0.5000000000000528,-0.8660254037844081,-5.718697866579209e-14), (-0.5956080705910459,-0.34387447988735115,0.7259485989579533), (-0.6286899285393062,-0.36297429947898147,-0.6877489597745566), 3.0564329760503326, 3.633641332656079, 5.762660578296796,  (gDx*1, gDy*13, gDz*0)), rgb(0.1980472947383269,0.3906290665167336,0.5548940315610742)  );
  draw(  ellipsoid( (0.5000000000000557,-0.8660254037844065,-1.3545160448413838e-13), (-0.602830410028399,-0.3480442995057535,0.7179558916302183), (-0.6217680409485008,-0.3589779458150677,-0.6960885990112593), 3.126010608374394, 3.6270496448369185, 5.644637108095855,  (gDx*1, gDy*14, gDz*0)), rgb(0.20441606118081176,0.3767966234305311,0.5536367391397401)  );
  draw(  ellipsoid( (0.4999999999999567,-0.8660254037844637,-1.186976454938629e-14), (-0.6105594260247361,-0.35250664897161377,0.7091940846645212), (-0.6141800935331492,-0.35459704233222267,-0.7050132979432743), 3.1971071762041445, 3.6201483067666653, 5.5296343717971475,  (gDx*1, gDy*15, gDz*0)), rgb(0.21114012451350703,0.36236519686436447,0.5520389737004759)  );
  draw(  ellipsoid( (0.5000000000001187,-0.8660254037843701,-1.579554286747044e-13), (-0.6188394994935249,-0.35728715161799635,0.6995595508284498), (-0.6058363424774775,-0.34977977541421024,-0.714574303235638), 3.2697681811050754, 3.6128485974905664, 5.417678741474717,  (gDx*1, gDy*16, gDz*0)), rgb(0.2181777226346288,0.3473298433482907,0.550022521719438)  );
  draw(  ellipsoid( (0.49999999999985645,-0.8660254037845214,1.5658907891687028e-13), (-0.6277150864180047,-0.36241147411755614,0.6889351883241102), (-0.5966353746496964,-0.34446759416205447,-0.724822948235514), 3.344039020979034, 3.6050568467371007, 5.3088019046183454,  (gDx*1, gDy*17, gDz*0)), rgb(0.22544699819224007,0.3317041906979909,0.5474726302043006)  );
  draw(  ellipsoid( (0.49999999999999145,-0.8660254037844437,-5.843321785486696e-14), (-0.6372296791932043,-0.36790472681785485,0.6771886354188213), (-0.5864625614268426,-0.33859431770936776,-0.7358094536356504), 3.4199674379780727, 3.5966733266282462, 5.2030381317687215,  (gDx*1, gDy*18, gDz*0)), rgb(0.23282541806448853,0.3155524663142136,0.5442848529707986)  );
  draw(  ellipsoid( (0.5000000000000067,-0.8660254037844348,-1.9561150495343813e-14), (-0.6474234384570161,-0.37379009647284855,0.664171555484961), (-0.5751894395210071,-0.3320857777424725,-0.7475801929456711), 3.4976009167146, 3.587592121573116, 5.100428434763826,  (gDx*1, gDy*19, gDz*0)), rgb(0.24015365146581036,0.29898856059989887,0.5403592382793788)  );
  draw(  ellipsoid( (0.49999999999743483,-0.8660254037859196,2.49418176753095e-12), (-0.6583304475984153,-0.3800872611313022,0.6497189359181209), (-0.5626731038249002,-0.32485946795903636,-0.7601745222706592), 3.5769884573854895, 3.577701621225876, 5.001016846169557,  (gDx*1, gDy*20, gDz*0)), rgb(0.2472269756214517,0.28221605213260864,0.5356240988802472)  );
  draw(  ellipsoid( (-0.6699746604741859,-0.3868100505752261,0.6336496974642142), (0.5000000000001295,-0.8660254037843639,-1.3897596378251324e-13), (-0.5487567351043395,-0.3168248487320959,-0.7736201011501126), 3.566887480150718, 3.6581787993320254, 4.9048489350733355,  (gDx*1, gDy*21, gDz*0)), rgb(0.2538212108309573,0.26555000869993933,0.5300873121848317)  );
  draw(  ellipsoid( (-0.6823651450601793,-0.3939637001863109,0.6157681477167449), (0.5000000000001332,-0.8660254037843617,-8.236058158406019e-14), (0.533270858763975,0.3078840738583981,0.7879274003723242), 3.555039552069926, 3.7412175662237477, 4.811966245784919,  (gDx*1, gDy*22, gDz*0)), rgb(0.25968911379108534,0.2494561873313456,0.5238757203528076)  );
  draw(  ellipsoid( (-0.6954905665195291,-0.40154166579887846,0.5958667321723928), (0.5000000000000205,-0.8660254037844268,5.736506205222267e-14), (-0.5160357273312808,-0.2979333660862491,-0.803083331597782), 3.5420660690757253, 3.8261354972160833, 4.722402176768799,  (gDx*1, gDy*23, gDz*0)), rgb(0.2646295647646497,0.23458195123162123,0.5173512850297319)  );
  draw(  ellipsoid( (-0.703728979090346,-0.40629811551443346,0.5828270458016506), (0.500000000000067,-0.8660254037843998,-1.1407219748341116e-14), (-0.504743027676847,-0.2914135229008578,-0.8125962310287446), 3.5336157348024995, 3.878435765639503, 4.669862042380817,  (gDx*1, gDy*24, gDz*0)), rgb(0.26709277091285494,0.22652086937155233,0.513484160873924)  );
  draw(  ellipsoid( (-0.7036974993568932,-0.40627994068194595,0.582877722338339), (0.5000000000001584,-0.8660254037843472,-7.176009062753134e-15), (-0.5047869148449631,-0.291438861169257,-0.8125598813636264), 3.5334722617096763, 3.878524823283293, 4.6699444249671505,  (gDx*1, gDy*25, gDz*0)), rgb(0.2670841407472256,0.22655017338496083,0.5134987165063003)  );
  draw(  ellipsoid( (-0.703672052809786,-0.4062652491110464,0.5829186816865638), (0.5000000000000562,-0.8660254037844062,-5.937019264403953e-14), (-0.5048223866811046,-0.2914593408432717,-0.8125304982219431), 3.533348852682795, 3.8786074799049706, 4.670008007587271,  (gDx*1, gDy*26, gDz*0)), rgb(0.2670770703590222,0.2265741811224269,0.5135106414189691)  );
  draw(  ellipsoid( (-0.7036521635666568,-0.406253766051071,0.5829506928354099), (0.4999999999999848,-0.8660254037844475,-2.233203891511169e-14), (-0.5048501091492175,-0.29147534641768136,-0.8125075321021437), 3.5332448368137985, 3.8786820595315534, 4.670055690892033,  (gDx*1, gDy*27, gDz*0)), rgb(0.2670713973368043,0.22659344405737852,0.513520209534972)  );
  draw(  ellipsoid( (-0.7036373324276843,-0.40624520328891567,0.5829745613822269), (0.49999999999995987,-0.8660254037844618,5.3145735751065365e-14), (-0.5048707799170903,-0.29148728069112834,-0.8124904065779487), 3.533160348160109, 3.878746147982421, 4.670090201096299,  (gDx*1, gDy*28, gDz*0)), rgb(0.2670669938071445,0.22660839638827657,0.5135276365255581)  );
  draw(  ellipsoid( (-0.7036270157208979,-0.40623924693552876,0.5829911637383175), (0.4999999999999949,-0.8660254037844417,2.682870751874977e-14), (-0.5048851579792273,-0.2914955818691727,-0.8124784938710949), 3.533095933109896, 3.8787971298590036, 4.670113962170763,  (gDx*1, gDy*29, gDz*0)), rgb(0.26706375995877796,0.22661937702757876,0.5135330907323492)  );
  draw(  ellipsoid( (-0.7036206389247384,-0.4062355652905722,0.5830014253603435), (0.5000000000000019,-0.8660254037844377,3.76969773172697e-15), (-0.5048940448045922,-0.2915007126801753,-0.8124711305811476), 3.5330523172451915, 3.8788326291939406, 4.670128873446841,  (gDx*1, gDy*30, gDz*0)), rgb(0.2670616272694065,0.22662661864501946,0.5135366877250139)  );
  draw(  ellipsoid( (-0.7036176488489743,-0.40623383896952225,0.583006236934328), (0.4999999999999942,-0.866025403784442,-2.2177432184667907e-15), (-0.5048982117499009,-0.2915031184671587,-0.8124676779390513), 3.5330302403515335, 3.8788508575202894, 4.670136108737478,  (gDx*1, gDy*31, gDz*0)), rgb(0.2670605628688444,0.22663023285240366,0.5135384829423885)  );
  draw(  ellipsoid( (0.4999999999999945,-0.8660254037844418,2.5070840951930482e-15), (-0.5625421619324286,-0.3247838686221935,0.7603037253171859), (-0.6584423407166303,-0.38015186265859024,-0.6495677372443996), 2.691839681068271, 3.6692365487161007, 6.479702583061769,  (gDx*2, gDy*0, gDz*0)), rgb(0.16878452577674563,0.458373745365688,0.558059471486585)  );
  draw(  ellipsoid( (0.4999999999999989,-0.8660254037844393,-3.7462154224507184e-16), (-0.5625389461214632,-0.3247820119728744,0.7603068977691871), (0.6584450881406547,0.38015344888459235,0.6495640239457501), 2.6918482491400217, 3.6692186183670166, 6.479713622587833,  (gDx*2, gDy*1, gDz*0)), rgb(0.1687845297245722,0.4583737356883184,0.5580594713515278)  );
  draw(  ellipsoid( (0.49999999999999306,-0.8660254037844427,1.0684877288970762e-15), (-0.5625325963771681,-0.3247783459462899,0.7603131618073925), (-0.6584505129568732,-0.38015658090369153,-0.6495566918925905), 2.691865382380784, 3.669181948684293, 6.479737138002589,  (gDx*2, gDy*2, gDz*0)), rgb(0.16878450833131983,0.45837378812993573,0.5580594720834022)  );
  draw(  ellipsoid( (0.5000000000000047,-0.866025403784436,-1.1371807313777348e-14), (-0.5625231796189843,-0.32477290917843843,0.7603224512370534), (-0.6584585578389449,-0.380161225618524,-0.6495458183568567), 2.691891076790143, 3.669125381529998, 6.479775185760225,  (gDx*2, gDy*3, gDz*0)), rgb(0.1687844196489376,0.4583740055184596,0.5580594751172732)  );
  draw(  ellipsoid( (0.5000000000000172,-0.8660254037844287,-7.621176410439282e-15), (-0.5625107084925339,-0.3247657089702323,0.7603347533213842), (-0.6584692117564883,-0.3801673766607009,-0.6495314179404333), 2.6919253357339543, 3.669047656502534, 6.479829986198772,  (gDx*2, gDy*4, gDz*0)), rgb(0.16878421856043146,0.45837449844988976,0.5580594819966168)  );
  draw(  ellipsoid( (0.5000000000000229,-0.8660254037844255,-1.4276135291149872e-14), (-0.5624951377024501,-0.3247567191703962,0.7603501123921678), (-0.6584825131019649,-0.38017505619609315,-0.6495134383407458), 2.691968190127882, 3.6689475348556377, 6.47990365629512,  (gDx*2, gDy*5, gDz*0)), rgb(0.1687838627429061,0.4583753706710078,0.5580594941693217)  );
  draw(  ellipsoid( (0.5000000000000042,-0.8660254037844362,2.212963050708795e-14), (-0.5624763534438233,-0.32474587407357447,0.7603686402586113), (-0.6584985587049791,-0.3801843201293216,-0.649491748147173), 2.6920197281385136, 3.668823811344453, 6.47999811743286,  (gDx*2, gDy*6, gDz*0)), rgb(0.16878331532802593,0.4583767125577469,0.5580595128966728)  );
  draw(  ellipsoid( (0.500000000000005,-0.8660254037844358,9.648744813124852e-15), (-0.5624541333423232,-0.32473304529200314,0.7603905556893232), (-0.6585175380247144,-0.3801952778446708,-0.6494660905840137), 2.692080104938667, 3.668675233979038, 6.48011521386332,  (gDx*2, gDy*7, gDz*0)), rgb(0.16878254274910579,0.4583786063926525,0.5580595393270043)  );
  draw(  ellipsoid( (0.500000000000015,-0.86602540378443,-9.86664293677025e-15), (-0.5656051558863711,-0.32655228900605743,0.7572677268837344), (-0.6558130889474062,-0.37863386344187333,-0.6531045780120839), 2.729933903700659, 3.664712741230097, 6.397170173643805,  (gDx*2, gDy*8, gDz*0)), rgb(0.17152332115824573,0.4516883708291116,0.557946992422126)  );
  draw(  ellipsoid( (0.4999999999999873,-0.866025403784446,3.4454291264266477e-14), (-0.5709298408999054,-0.32962649733190974,0.751921198681554), (-0.651182859702266,-0.37596059934078724,-0.6592529946638809), 2.792494795112611, 3.6585118194742257, 6.264452769304519,  (gDx*2, gDy*9, gDz*0)), rgb(0.17619200320747205,0.44045509161206237,0.5576583752307859)  );
  draw(  ellipsoid( (0.4999999999999677,-0.8660254037844574,1.1907389130431847e-14), (-0.5765501616883416,-0.33287139105204655,0.7461813104576008), (-0.646211970685455,-0.3730906552287835,-0.6657427821041529), 2.8564023971390933, 3.6523631491797293, 6.134605403720367,  (gDx*2, gDy*10, gDz*0)), rgb(0.18114936884993882,0.42876251179464164,0.5572301869983466)  );
  draw(  ellipsoid( (0.49999999999996103,-0.8660254037844611,-3.2406560268164548e-15), (-0.5825087322256238,-0.3363115733557412,0.7399852042493028), (-0.6408459853045306,-0.3699926021246207,-0.6726231467115279), 2.921673336474537, 3.6462134696175847, 6.007672169115148,  (gDx*2, gDy*11, gDz*0)), rgb(0.18642722370858966,0.4165810092766288,0.5566458524871825)  );
  draw(  ellipsoid( (0.49999999999993494,-0.8660254037844763,6.355797829534982e-14), (-0.5888469094223713,-0.3399709216663704,0.7332660429101024), (-0.6350270208926453,-0.3666330214550409,-0.6799418433329127), 2.988340051353082, 3.6399946809154677, 5.883682236045175,  (gDx*2, gDy*12, gDz*0)), rgb(0.1920523091898686,0.4038807589274203,0.5558806620944168)  );
  draw(  ellipsoid( (0.5000000000000133,-0.866025403784431,1.2533058557040512e-14), (-0.5956060956219296,-0.34387333963830374,0.7259507594486012), (-0.6286917995790848,-0.36297537972431826,-0.6877466792766059), 3.056441063484868, 3.6336309364675388, 5.7626618176424405,  (gDx*2, gDy*13, gDz*0)), rgb(0.19804745990819467,0.3906287055183772,0.5548940014548609)  );
  draw(  ellipsoid( (0.4999999999999124,-0.8660254037844893,1.0011228032350563e-13), (-0.6028285774174377,-0.3480432414469926,0.7179579432891171), (-0.6217698177372043,-0.35897897164455617,-0.6960864828942313), 3.1260181229652018, 3.627041733037333, 5.644635851855924,  (gDx*2, gDy*14, gDz*0)), rgb(0.20441630017540363,0.3767961077737215,0.553636688223501)  );
  draw(  ellipsoid( (0.4999999999999658,-0.8660254037844584,2.0944962103171167e-14), (-0.61055769309082,-0.35250564846173443,0.7091960738823843), (-0.614181816246337,-0.3545980369411804,-0.70501129692354), 3.197114124339275, 3.620142810235509, 5.529630750236112,  (gDx*2, gDy*15, gDz*0)), rgb(0.21114045334407439,0.3623644940150968,0.5520388874954224)  );
  draw(  ellipsoid( (0.4999999999999984,-0.8660254037844397,-5.524299274879143e-14), (-0.6188378336207787,-0.35728618982572413,0.699561515693479), (-0.6058380441005193,-0.3497807578467043,-0.7145723796513845), 3.2697744865694935, 3.6128456085393936, 5.417672776072531,  (gDx*2, gDy*16, gDz*0)), rgb(0.218178159430233,0.34732890832915875,0.5500223800498726)  );
  draw(  ellipsoid( (0.5000000000000542,-0.8660254037844074,-2.3043440727155178e-14), (-0.6277134878607099,-0.3624105511904092,0.6889371303272934), (-0.5966370564737736,-0.34446856516366964,-0.7248211023807143), 3.3440445515165025, 3.6050566856213977, 5.308793361933207,  (gDx*2, gDy*17, gDz*0)), rgb(0.22544757514144007,0.33170294361842495,0.5474724102014839)  );
  draw(  ellipsoid( (0.4999999999998897,-0.8660254037845023,1.3358577659333505e-13), (-0.6372281943789778,-0.36790386955970916,0.6771904983470309), (-0.5864641747699665,-0.33859524917352574,-0.735807739119738), 3.4199719344871946, 3.596676500206706, 5.203026699952698,  (gDx*2, gDy*18, gDz*0)), rgb(0.23282617800500027,0.31555078097180345,0.5442844905315707)  );
  draw(  ellipsoid( (0.5000000000001716,-0.8660254037843396,-1.9200970156571402e-13), (-0.6474222135658704,-0.3737893892819142,0.6641731474861975), (-0.5751908182345221,-0.3320865737430888,-0.7475787785633544), 3.497604101362372, 3.5875991421224738, 5.100413809721033,  (gDx*2, gDy*19, gDz*0)), rgb(0.24015464171606973,0.29898627218443957,0.5403586439197572)  );
  draw(  ellipsoid( (0.5000000000138429,-0.8660254037764464,-1.3655571323903612e-11), (-0.6583297692741016,-0.3800868695300445,0.6497198523197203), (-0.5626738974519487,-0.3248599261598647,-0.7601737390239425), 3.576990154889177, 3.5777125234284917, 5.000999233507449,  (gDx*2, gDy*20, gDz*0)), rgb(0.24722820823315497,0.28221302687770217,0.5356231598443787)  );
  draw(  ellipsoid( (-0.6699749459684717,-0.38681021540381966,0.6336492949840581), (0.4999999999991891,-0.8660254037849068,7.461136893827423e-13), (-0.5487563865463018,-0.316824647492015,-0.7736204308097131), 3.566900763197974, 3.6581793794586384, 4.9048298917193796,  (gDx*2, gDy*21, gDz*0)), rgb(0.2538226087007117,0.26554637231158906,0.5300860307373142)  );
  draw(  ellipsoid( (-0.6823667115565754,-0.3939646046030496,0.6157658331536656), (0.49999999999991596,-0.8660254037844871,1.2723976476301763e-13), (0.5332688542935443,0.3078829165768677,0.7879292092063677), 3.555050065607017, 3.7412190108525607, 4.8119501570238725,  (gDx*2, gDy*22, gDz*0)), rgb(0.2596902874439173,0.24945281472373707,0.5238743260006262)  );
  draw(  ellipsoid( (-0.6954928505691093,-0.4015429844955449,0.5958631775916895), (0.5000000000000117,-0.866025403784432,4.867680563703289e-15), (-0.5160326489741145,-0.29793158879585585,-0.803085968991076), 3.542060848868862, 3.826144254277816, 4.7223983281544095,  (gDx*2, gDy*23, gDz*0)), rgb(0.2646296355961779,0.23458172779208383,0.5173511816501127)  );
  draw(  ellipsoid( (-0.7037292101371166,-0.406298248909125,0.5828266738346566), (0.49999999999992895,-0.8660254037844798,9.710811155550621e-14), (0.5047427055439845,0.2914133369173556,0.8125964978184625), 3.5335879316897767, 3.878453071354051, 4.66987794881333,  (gDx*2, gDy*24, gDz*0)), rgb(0.26709110142376785,0.22652653817707633,0.513486976633256)  );
  draw(  ellipsoid( (-0.7036987160043154,-0.40628064311362966,0.5828757638854558), (0.5000000000000708,-0.8660254037843977,-1.0012248793035328e-13), (0.5047852187750816,0.2914378819426986,0.812561286227043), 3.533453314374989, 3.878538789233289, 4.6699526507206786,  (gDx*2, gDy*25, gDz*0)), rgb(0.267083129961872,0.22655360554012755,0.513500421296295)  );
  draw(  ellipsoid( (-0.7036738804540547,-0.40626630430194866,0.5829157400135713), (0.500000000000044,-0.8660254037844133,-6.526629770761156e-14), (0.5048198391175693,0.29145787000676526,0.8125326086037599), 3.5333366560883537, 3.8786198266067533, 4.670009261858475,  (gDx*2, gDy*26, gDz*0)), rgb(0.2670766159902315,0.2265757239467138,0.5135114077571095)  );
  draw(  ellipsoid( (-0.703654399011572,-0.4062550566858459,0.5829470950856891), (0.5000000000000316,-0.8660254037844204,-2.513775495170937e-14), (-0.5048469934065494,-0.2914735475428456,-0.8125101133716158), 3.533237909674967, 3.8786938449280703, 4.670050656860437,  (gDx*2, gDy*27, gDz*0)), rgb(0.2670714184337279,0.22659337242207517,0.5135201739529127)  );
  draw(  ellipsoid( (-0.7036398393836266,-0.40624665068066435,0.5829705269076014), (0.4999999999999888,-0.8660254037844451,8.249300213407374e-15), (0.5048672859595829,0.2914852634538001,0.8124933013613549), 3.5331575117151734, 3.8787579855902825, 4.670079697587568,  (gDx*2, gDy*28, gDz*0)), rgb(0.26706741256689365,0.22660697447567013,0.5135269302456066)  );
  draw(  ellipsoid( (-0.7036296924348299,-0.40624079233706617,0.5829868562544267), (0.5000000000000041,-0.8660254037844362,1.7825813026203557e-15), (-0.504881427588759,-0.29149342812721624,-0.8124815846741266), 3.5330961515277086, 3.8788092982969564, 4.670099022577036,  (gDx*2, gDy*29, gDz*0)), rgb(0.26706449276011807,0.2266168887763425,0.5135318547900314)  );
  draw(  ellipsoid( (-0.7036234097829245,-0.4062371650462755,0.5829969664934936), (0.49999999999998856,-0.8660254037844454,6.2849644837150594e-15), (-0.5048901833126329,-0.2914984832467429,-0.8124743300925784), 3.5330545965833444, 3.878845158326358, 4.670110775465601,  (gDx*2, gDy*30, gDz*0)), rgb(0.26706257997689853,0.2266233836951565,0.5135350808891069)  );
  draw(  ellipsoid( (-0.703620461999073,-0.40623546314246967,0.5830017100675043), (0.4999999999999853,-0.8660254037844471,1.1772465305562745e-14), (-0.5048942913682284,-0.291500855033752,-0.8124709262849753), 3.5330335664305847, 3.878863609549257, 4.6701163587870855,  (gDx*2, gDy*31, gDz*0)), rgb(0.2670616295882165,0.22662661077142338,0.5135366838141103)  );
  draw(  ellipsoid( (0.500000000000003,-0.8660254037844368,-7.764806072597925e-15), (-0.5625332268798643,-0.32477870996720737,0.7603125398204107), (-0.6584499743003448,-0.380156269910203,-0.6495574199344013), 2.6918642892987483, 3.6692136126356543, 6.479683851472776,  (gDx*3, gDy*0, gDz*0)), rgb(0.16878556192187189,0.45837120544677984,0.5580594360395149)  );
  draw(  ellipsoid( (0.49999999999999545,-0.8660254037844412,-2.0366698889288973e-15), (-0.562531051425394,-0.3247774539679724,0.7603146858875753), (-0.6584518328490288,-0.38015734294378306,-0.6495549079359478), 2.69187151903843, 3.669197768710632, 6.479694428332667,  (gDx*3, gDy*1, gDz*0)), rgb(0.16878553960436823,0.4583712601540289,0.5580594368030084)  );
  draw(  ellipsoid( (0.5000000000000081,-0.8660254037844339,-8.201005934898649e-15), (-0.5625266811226372,-0.3247749307725155,0.7603189971103304), (-0.6584555664774522,-0.3801594985551665,-0.6495498615450099), 2.6918860143585217, 3.6691652308049725, 6.479716997524774,  (gDx*3, gDy*2, gDz*0)), rgb(0.1687854671426208,0.4583714377806546,0.558059439281963)  );
  draw(  ellipsoid( (0.500000000000014,-0.8660254037844307,-4.837335762682223e-15), (-0.5625200502452106,-0.32477110243365054,0.7603255382375085), (-0.6584612312597545,-0.380162769118762,-0.6495422048672764), 2.6919078304474233, 3.669114838022497, 6.479753477568022,  (gDx*3, gDy*3, gDz*0)), rgb(0.16878530697999916,0.4583718303898178,0.5580594447612105)  );
  draw(  ellipsoid( (0.500000000000022,-0.866025403784426,-1.2304438899549516e-14), (-0.5625110616091356,-0.32476591284220624,0.7603344049976509), (-0.6584689100992859,-0.3801672024988352,-0.649531825684368), 2.6919370205033957, 3.6690453893683665, 6.479805863417301,  (gDx*3, gDy*4, gDz*0)), rgb(0.16878501992587971,0.45837253405011325,0.5580594545814831)  );
  draw(  ellipsoid( (0.4999999999999983,-0.8660254037844397,-7.321904727053616e-15), (-0.5624996150012334,-0.32475930414002735,0.7603456960474949), (-0.6584786884352947,-0.38017284802374174,-0.6495186082800485), 2.691973621046941, 3.668955867935574, 6.4798758660333,  (gDx*3, gDy*5, gDz*0)), rgb(0.16878457208485356,0.4583736318498918,0.5580594699023603)  );
  draw(  ellipsoid( (0.499999999999943,-0.8660254037844717,7.04237187388677e-14), (-0.562485619593534,-0.32475122388750893,0.7603595007192606), (-0.658490643631734,-0.38017975035962687,-0.6495024477751847), 2.692017644140083, 3.66884558976095, 6.479964668296406,  (gDx*3, gDy*6, gDz*0)), rgb(0.16878393960790342,0.45837518225062623,0.5580594915397296)  );
  draw(  ellipsoid( (0.5000000000000002,-0.8660254037844385,2.9762570944473975e-15), (-0.5624689632015967,-0.3247416073152501,0.7603759293357653), (-0.6585048712309729,-0.3801879646678849,-0.6494832146305023), 2.692069086001421, 3.6687141544602953, 6.480072991474815,  (gDx*3, gDy*7, gDz*0)), rgb(0.16878310757150083,0.4583772218345973,0.5580595200041328)  );
  draw(  ellipsoid( (0.4999999999999938,-0.8660254037844424,-1.5392301598653588e-14), (-0.5656078048712017,-0.3265538183981513,0.7572650888284549), (-0.6558108043245295,-0.37863254441421385,-0.6531076367962881), 2.7299282283521324, 3.6647145305796944, 6.397180349436727,  (gDx*3, gDy*8, gDz*0)), rgb(0.17152295004631704,0.4516892701081144,0.5579470116631852)  );
  draw(  ellipsoid( (0.49999999999998423,-0.8660254037844477,-1.7172399667397387e-15), (-0.570925282380602,-0.3296238654695912,0.7519258136621689), (0.6511868563927299,0.3759629068310717,0.6592477309392011), 2.7925108501821416, 3.6584815555598804, 6.264468573782242,  (gDx*3, gDy*9, gDz*0)), rgb(0.17619205756459622,0.4404549623163239,0.557658371107616)  );
  draw(  ellipsoid( (0.5000000000000073,-0.8660254037844344,-1.7604094696964186e-14), (-0.5765437716990477,-0.33286770179006897,0.7461878935094255), (0.6462176717755624,0.37309394675470786,0.6657354035801057), 2.8564258531872255, 3.6523244378596895, 6.13462004902279,  (gDx*3, gDy*10, gDz*0)), rgb(0.18114961248901978,0.4287619441021058,0.5572301627392617)  );
  draw(  ellipsoid( (0.5000000000000101,-0.8660254037844328,-2.021133737164335e-14), (-0.5825022800275957,-0.33630784817752923,0.7399919763192384), (-0.6408518500891162,-0.3699959881596146,-0.6726156963550193), 2.921698404027376, 3.6461764687523166, 6.007681589015572,  (gDx*3, gDy*11, gDz*0)), rgb(0.18642761823595982,0.41658010857653116,0.5566458039662043)  );
  draw(  ellipsoid( (0.5000000000000091,-0.8660254037844335,-4.466682536807968e-14), (-0.588840813761706,-0.3399674023352056,0.7332725696478115), (-0.6350326732133101,-0.3666362848238863,-0.6799348046703415), 2.988364493443812, 3.63996304355327, 5.883685251516386,  (gDx*3, gDy*12, gDz*0)), rgb(0.19205285722363347,0.4038795326780577,0.5558805817627004)  );
