import settings;
import three;
surface ellipsoid(triple v1,triple v2,triple v3,real l1,real l2, real l3, triple pos=O) {
  transform3 T = identity(4);
  T[0][0] = l1*v1.x;
  T[1][0] = l1*v1.y;
  T[2][0] = l1*v1.z;
  T[0][1] = l2*v2.x;
  T[1][1] = l2*v2.y;
  T[2][1] = l2*v2.z;
  T[0][2] = l3*v3.x;
  T[1][2] = l3*v3.y;
  T[2][2] = l3*v3.z;
  T[0][3] = pos.x;
  T[1][3] = pos.y;
  T[2][3] = pos.z;
  return T*unitsphere;
}

size(200);

real gDx=7.5;
real gDy=7.5;
real gDz=7.5;

currentprojection=perspective(up=Y, camera = (gDx*15.5,gDy*15.5,gDz*11.0), target = (gDx*15.5,gDy*15.5,gDz*0.0) );
currentlight=Viewport;

  draw(  ellipsoid( (0.4999999999999999,-0.8660254037844387,-1.281975124255704e-16), (-0.43301270189221924,-0.25,0.8660254037844388), (-0.75,-0.4330127018922192,-0.49999999999999994), 2.0000000000000004, 4.000000000000007, 8.000000000000002,  (gDx*0, gDy*0, gDz*0)), rgb(0.1296573925935813,0.5604250748154818,0.5517186422731928)  );
  draw(  ellipsoid( (-0.4999999999999995,0.8660254037844388,-3.9952127364407097e-16), (-0.43301270189221924,-0.25000000000000017,0.8660254037844387), (-0.7499999999999999,-0.43301270189221924,-0.5000000000000001), 2.045222871202537, 4.000000000000008, 7.823108290683463,  (gDx*0, gDy*1, gDz*0)), rgb(0.13226681661073694,0.5527290239171823,0.552940134029404)  );
  draw(  ellipsoid( (0.49999999999999944,-0.8660254037844388,4.631349135751667e-16), (-0.4330127018922201,-0.24999999999999944,0.8660254037844385), (-0.7499999999999999,-0.43301270189221863,-0.5000000000000003), 2.091468296444973, 4.000000000000014, 7.650127915970037,  (gDx*0, gDy*2, gDz*0)), rgb(0.13509184166419497,0.5447821376123417,0.5540377422619557)  );
  draw(  ellipsoid( (-0.49999999999999967,0.8660254037844388,-1.4323512504701118e-16), (-0.43301270189221924,-0.25,0.8660254037844387), (-0.7499999999999999,-0.4330127018922194,-0.4999999999999999), 2.1387593971421377, 4.000000000000009, 7.480972390526773,  (gDx*0, gDy*3, gDz*0)), rgb(0.13811454239218518,0.5365712185887861,0.5550040832372815)  );
  draw(  ellipsoid( (0.4999999999999998,-0.8660254037844387,1.8858446512441898e-16), (-0.43301270189221935,-0.24999999999999967,0.8660254037844387), (-0.7500000000000002,-0.4330127018922192,-0.5), 2.1871198175172206, 4.000000000000014, 7.315557141338015,  (gDx*0, gDy*4, gDz*0)), rgb(0.14131563312151263,0.528081771083599,0.5558440165806592)  );
  draw(  ellipsoid( (-0.5000000000000004,0.8660254037844384,2.020481283226391e-16), (-0.43301270189221935,-0.25000000000000006,0.8660254037844387), (-0.7499999999999999,-0.4330127018922198,-0.49999999999999983), 2.2365737364232716, 4.000000000000008, 7.153799465421257,  (gDx*0, gDy*5, gDz*0)), rgb(0.1446802959427952,0.5192975416175944,0.556556603796719)  );
  draw(  ellipsoid( (0.49999999999999944,-0.8660254037844389,5.178392213306538e-16), (-0.43301270189221974,-0.24999999999999933,0.8660254037844385), (-0.7499999999999999,-0.43301270189221885,-0.5000000000000001), 2.2871458794318933, 4.000000000000012, 6.995618488477987,  (gDx*0, gDy*6, gDz*0)), rgb(0.14820252898315966,0.5102017585782166,0.5571325903111838)  );
  draw(  ellipsoid( (-0.49999999999999983,0.8660254037844387,-2.617635828972075e-16), (-0.43301270189221985,-0.25000000000000017,0.8660254037844384), (-0.7499999999999996,-0.43301270189221935,-0.5000000000000007), 2.3388615311953744, 4.000000000000008, 6.840935124458831,  (gDx*0, gDy*7, gDz*0)), rgb(0.15188366411404822,0.5007727208071058,0.5575832616268417)  );
  draw(  ellipsoid( (-0.4999999999999996,0.8660254037844388,-5.836188920084229e-16), (-0.43301270189221874,-0.24999999999999936,0.8660254037844392), (-0.7500000000000004,-0.4330127018922194,-0.49999999999999944), 2.391746548088284, 4.000000000000008, 6.689672036022706,  (gDx*0, gDy*8, gDz*0)), rgb(0.15573201075960974,0.4909880153318211,0.557900503802696)  );
  draw(  ellipsoid( (-0.5000000000000001,0.8660254037844387,-7.283599228227034e-16), (-0.4330127018922186,-0.24999999999999922,0.8660254037844392), (-0.7500000000000006,-0.43301270189221996,-0.4999999999999986), 2.445827371134938, 4.000000000000007, 6.54175359587032,  (gDx*0, gDy*9, gDz*0)), rgb(0.15975782595328983,0.4808199608774219,0.5580890983616847)  );
  draw(  ellipsoid( (-0.49999999999999967,0.8660254037844388,3.5763920614105945e-17), (-0.43301270189221874,-0.24999999999999897,0.8660254037844392), (-0.7500000000000004,-0.43301270189221963,-0.4999999999999993), 2.5011310392291755, 4.000000000000009, 6.39710584893268,  (gDx*0, gDy*10, gDz*0)), rgb(0.16398452857433182,0.4702389979820569,0.5581463132037398)  );
  draw(  ellipsoid( (0.5000000000000002,-0.8660254037844386,0.0), (-0.43301270189221786,-0.2499999999999995,0.8660254037844396), (-0.750000000000001,-0.4330127018922205,-0.4999999999999983), 2.5576852026530386, 4.000000000000012, 6.255656475395616,  (gDx*0, gDy*11, gDz*0)), rgb(0.168444224060583,0.4592079323357025,0.5580711133874011)  );
  draw(  ellipsoid( (-0.49999999999999933,0.866025403784439,-8.011954567335238e-16), (-0.43301270189221863,-0.2499999999999988,0.8660254037844394), (-0.750000000000001,-0.4330127018922195,-0.4999999999999982), 2.615518136901145, 4.000000000000008, 6.117334754541883,  (gDx*0, gDy*12, gDz*0)), rgb(0.1731777501209323,0.4476855744674384,0.5578575634975905)  );
  draw(  ellipsoid( (0.4999999999999999,-0.8660254037844387,5.434431083906892e-16), (-0.43301270189221847,-0.2499999999999989,0.8660254037844394), (-0.7500000000000006,-0.43301270189221974,-0.49999999999999867), 2.6746587568176343, 4.0000000000000115, 5.982071529392841,  (gDx*0, gDy*13, gDz*0)), rgb(0.17822903600957643,0.4356225126615835,0.5574968202623478)  );
  draw(  ellipsoid( (-0.49999999999999944,0.866025403784439,-1.510510682122007e-15), (-0.4330127018922199,-0.24999999999999797,0.866025403784439), (-0.7500000000000003,-0.43301270189221913,-0.4999999999999998), 2.7351366310527867, 4.000000000000009, 5.849799172131828,  (gDx*0, gDy*14, gDz*0)), rgb(0.18364691767255184,0.42296422041816717,0.5569709126002624)  );
  draw(  ellipsoid( (0.4999999999999996,-0.8660254037844388,7.20100211481706e-16), (-0.43301270189221786,-0.2499999999999982,0.8660254037844398), (-0.7500000000000008,-0.43301270189222,-0.4999999999999982), 2.7969819968465055, 4.000000000000004, 5.720451550292222,  (gDx*0, gDy*15, gDz*0)), rgb(0.18948576987014573,0.4096417908488344,0.5562479107381589)  );
  draw(  ellipsoid( (0.49999999999999967,-0.8660254037844388,7.623866987148773e-16), (-0.4330127018922183,-0.24999999999999828,0.8660254037844396), (-0.7500000000000009,-0.43301270189221963,-0.4999999999999983), 2.860225775146107, 4.000000000000009, 5.593963993693017,  (gDx*0, gDy*16, gDz*0)), rgb(0.1957918440057071,0.39558364023738607,0.5552871915240629)  );
  draw(  ellipsoid( (0.5000000000000003,-0.8660254037844385,5.756938043487788e-17), (-0.43301270189221674,-0.24999999999999917,0.8660254037844402), (-0.7500000000000017,-0.43301270189222024,-0.4999999999999967), 2.9248995860659104, 4.000000000000004, 5.470273262105573,  (gDx*0, gDy*17, gDz*0)), rgb(0.20261112830126804,0.38069555082060647,0.5540164148337895)  );
  draw(  ellipsoid( (0.49999999999999967,-0.8660254037844388,1.356392845729141e-15), (-0.43301270189221697,-0.24999999999999784,0.8660254037844404), (-0.7500000000000011,-0.43301270189222035,-0.49999999999999756), 2.9910357646964183, 4.00000000000001, 5.349317513635281,  (gDx*0, gDy*18, gDz*0)), rgb(0.2099637379039237,0.3648815372003762,0.5523405286824786)  );
  draw(  ellipsoid( (0.5000000000000001,-0.8660254037844385,1.0444686367211464e-15), (-0.4330127018922164,-0.2499999999999989,0.8660254037844404), (-0.7500000000000009,-0.43301270189222096,-0.49999999999999706), 3.0586673772709427, 4.00000000000001, 5.2310362738022995,  (gDx*0, gDy*19, gDz*0)), rgb(0.21785283788238377,0.3480242896711351,0.5501230252537895)  );
  draw(  ellipsoid( (0.49999999999999933,-0.866025403784439,2.579068082914049e-15), (-0.4330127018922185,-0.24999999999999628,0.8660254037844402), (-0.7500000000000007,-0.43301270189222085,-0.49999999999999756), 3.1278282376978055, 4.000000000000009, 5.11537040530608,  (gDx*0, gDy*20, gDz*0)), rgb(0.22623626321312246,0.32999437009259486,0.5471634626958939)  );
  draw(  ellipsoid( (0.499999999999999,-0.8660254037844392,2.271460521050521e-15), (-0.4330127018922165,-0.24999999999999675,0.8660254037844408), (-0.7500000000000018,-0.43301270189222096,-0.49999999999999567), 3.1985529244663398, 4.000000000000009, 5.002262078458356,  (gDx*0, gDy*21, gDz*0)), rgb(0.23502167810508337,0.3106549711232639,0.5431983901394015)  );
  draw(  ellipsoid( (0.4999999999999991,-0.8660254037844392,1.2061663583574471e-15), (-0.43301270189221497,-0.24999999999999672,0.8660254037844417), (-0.7500000000000028,-0.4330127018922204,-0.499999999999995), 3.2708767979351547, 4.000000000000007, 4.8916547422698855,  (gDx*0, gDy*22, gDz*0)), rgb(0.24405504946426482,0.2898536823648964,0.5378795211796037)  );
  draw(  ellipsoid( (-0.4999999999999992,0.8660254037844392,-2.940728959559533e-15), (-0.43301270189221713,-0.24999999999999434,0.8660254037844414), (-0.750000000000002,-0.4330127018922215,-0.4999999999999951), 3.3448360180113506, 4.000000000000008, 4.783493096176574,  (gDx*0, gDy*23, gDz*0)), rgb(0.2530931748804928,0.26744390578187716,0.5307547133203524)  );
  draw(  ellipsoid( (0.4999999999999996,-0.8660254037844388,2.553512956637859e-15), (-0.4330127018922145,-0.24999999999999337,0.866025403784443), (-0.7500000000000034,-0.43301270189222196,-0.4999999999999925), 3.42046756222942, 4.000000000000007, 4.677723062390762,  (gDx*0, gDy*24, gDz*0)), rgb(0.26180203137279645,0.24327996972285615,0.5212638752627711)  );
  draw(  ellipsoid( (0.499999999999997,-0.8660254037844404,3.0253577421035516e-15), (-0.43301270189221497,-0.2499999999999926,0.8660254037844428), (-0.7500000000000053,-0.4330127018922195,-0.49999999999999184), 3.497809244238998, 4.000000000000009, 4.574291758863797,  (gDx*0, gDy*25, gDz*0)), rgb(0.2697389085801426,0.21722795738376272,0.5087315888384925)  );
  draw(  ellipsoid( (0.4999999999999977,-0.86602540378444,3.719247132494275e-15), (-0.4330127018922129,-0.2499999999999905,0.8660254037844445), (-0.7500000000000058,-0.4330127018922214,-0.4999999999999895), 3.576899732710628, 4.000000000000009, 4.47314747284655,  (gDx*0, gDy*26, gDz*0)), rgb(0.27636984547873794,0.18916746043620833,0.4924205228505065)  );
  draw(  ellipsoid( (0.49999999999999933,-0.866025403784439,6.272760089132133e-15), (-0.43301270189220903,-0.24999999999998757,0.8660254037844474), (-0.7500000000000063,-0.4330127018922261,-0.4999999999999848), 3.65777857066901, 4.000000000000008, 4.374239635034459,  (gDx*0, gDy*27, gDz*0)), rgb(0.2810681249883671,0.1589547921552055,0.4715385915312842)  );
  draw(  ellipsoid( (0.499999999999992,-0.8660254037844434,5.662137425588301e-15), (-0.4330127018922134,-0.24999999999998523,0.8660254037844458), (-0.7500000000000078,-0.4330127018922187,-0.4999999999999889), 3.7404861952633874, 4.000000000000007, 4.277518794284277,  (gDx*0, gDy*28, gDz*0)), rgb(0.28317615608530167,0.12632390641289273,0.4453636765115106)  );
  draw(  ellipsoid( (0.5,-0.8660254037844387,1.0408340855860841e-14), (-0.43301270189220054,-0.24999999999997974,0.8660254037844538), (-0.7500000000000124,-0.43301270189222996,-0.4999999999999722), 3.8250639579850225, 4.000000000000007, 4.182936592889963,  (gDx*0, gDy*29, gDz*0)), rgb(0.28199153945396954,0.09055239248646375,0.41323888078341003)  );
  draw(  ellipsoid( (0.49999999999999567,-0.8660254037844412,2.244849212240697e-14), (-0.4330127018921784,-0.24999999999995104,0.8660254037844732), (-0.7500000000000265,-0.4330127018922427,-0.49999999999994016), 3.911554145341733, 4.000000000000008, 4.090445742405086,  (gDx*0, gDy*30, gDz*0)), rgb(0.2768349891692943,0.0492090021071594,0.3746950269866994)  );
  draw(  ellipsoid( (0.42613212369687836,-0.840614494608239,0.33433319399683187), (-0.1300529569165434,0.5296503139622002,0.8381865981492465), (0.9046609382269074,0.39596364191413774,-0.15748454250657165), 4.000000000000001, 4.000000000000005, 4.000000000000017,  (gDx*0, gDy*31, gDz*0)), rgb(0.267004,0.004874,0.329415)  );
  draw(  ellipsoid( (-0.5000000000000001,0.8660254037844387,2.9841302368137366e-18), (-0.44609000546989863,-0.2575501847408483,0.8571298672662275), (-0.7422962393949368,-0.4285649336331135,-0.5151003694816957), 2.0338221808196186, 3.9642686896252863, 7.937868722184558,  (gDx*1, gDy*0, gDz*0)), rgb(0.13105619450582412,0.5562432386077883,0.5524033871920624)  );
  draw(  ellipsoid( (-0.5000000000000002,0.8660254037844385,3.0449872979218786e-16), (-0.4465404789961522,-0.257810265752494,0.85681705602218), (-0.742025336911002,-0.4284085280110901,-0.5156205315049869), 2.0798098200856496, 3.96423699877839, 7.762412880034193,  (gDx*1, gDy*1, gDz*0)), rgb(0.13378656001838665,0.5484137694726382,0.5535570674897752)  );
  draw(  ellipsoid( (-0.5000000000000003,0.8660254037844385,1.0592054340611231e-15), (-0.44702295359595146,-0.2580888225925651,0.8564815459839957), (-0.7417347766947102,-0.4282407729919976,-0.5161776451851289), 2.1268373058954033, 3.964203043222309, 7.590839588802456,  (gDx*1, gDy*2, gDz*0)), rgb(0.1367213248912315,0.5403261946221563,0.5545803101534441)  );
  draw(  ellipsoid( (-0.5000000000000004,0.8660254037844384,3.5553223170939465e-16), (-0.4475408284220547,-0.2583878177628227,0.856120869110821), (-0.7414224213599828,-0.4280604345554109,-0.5167756355256437), 2.174928150672034, 3.964166580747579, 7.423063291891296,  (gDx*1, gDy*3, gDz*0)), rgb(0.1398435622083995,0.5319665364097119,0.5554790359663299)  );
  draw(  ellipsoid( (0.5000000000000004,-0.8660254037844384,-7.210227370680143e-16), (-0.4480980006498072,-0.25870950129850034,0.8557321869320604), (-0.7410858127191783,-0.42786609346603033,-0.517419002596999), 2.2241063984883387, 3.9641273333933076, 7.259000365591289,  (gDx*1, gDy*4, gDz*0)), rgb(0.14313330103474026,0.5233210768410198,0.5562497240870462)  );
  draw(  ellipsoid( (0.5000000000000007,-0.8660254037844382,-7.020987613663587e-16), (-0.4486989600959145,-0.2590564653964826,0.8553122184004657), (-0.7407221093020271,-0.4276561092002331,-0.5181129307929633), 2.2743966370881283, 3.964084980600034, 7.098569083980309,  (gDx*1, gDy*5, gDz*0)), rgb(0.1465836819519907,0.5143719701588467,0.5568869328108969)  );
  draw(  ellipsoid( (0.5000000000000009,-0.8660254037844382,-1.3334794829809395e-15), (-0.44934890624085255,-0.25943171197822223,0.8548571502187944), (-0.7403280086962459,-0.4274285751093972,-0.5188634239564414), 2.3258240101793857, 3.9640391507272277, 6.941689586385118,  (gDx*1, gDy*6, gDz*0)), rgb(0.1501905242982985,0.5051004694040814,0.5573942410394529)  );
  draw(  ellipsoid( (0.5000000000000011,-0.866025403784438,-9.740670104511734e-16), (-0.45005389409145496,-0.2598387369035424,0.8543625244692614), (-0.7398996502317845,-0.42718126223463093,-0.519677473807082), 2.3784142300054443, 3.9639894104608837, 6.78828384785982,  (gDx*1, gDy*7, gDz*0)), rgb(0.15396053670242374,0.49548419653905146,0.5577716900465066)  );
  draw(  ellipsoid( (0.5000000000000009,-0.866025403784438,-1.0241771324962341e-15), (-0.4508210175215748,-0.2602816358224238,0.8538230965571354), (-0.7394324919563726,-0.4269115482785678,-0.5205632716448452), 2.4321935902003498, 3.963935251473248, 6.638275653299253,  (gDx*1, gDy*8, gDz*0)), rgb(0.15790081931483943,0.48549864002161663,0.5580200369685259)  );
  draw(  ellipsoid( (0.5000000000000013,-0.8660254037844379,-1.3304539724418158e-15), (-0.4516586418138741,-0.2607652384330633,0.8532326539108747), (-0.738921153625233,-0.42661632695543794,-0.5215304768661231), 2.4871889789349835, 3.963876073465698, 6.4915905760365,  (gDx*1, gDy*9, gDz*0)), rgb(0.16203159332347075,0.47511472682228245,0.5581381312343173)  );
  draw(  ellipsoid( (0.5000000000000013,-0.8660254037844379,-1.069411441712894e-15), (-0.4525767015065877,-0.26129528044378325,0.8525837822004484), (-0.738359214240207,-0.4262918911002249,-0.5225905608875635), 2.5434278923603566, 3.9638111623978514, 6.34815596210243,  (gDx*1, gDy*10, gDz*0)), rgb(0.1663782869011305,0.46429921277486674,0.5581225011254501)  );
  draw(  ellipsoid( (0.5000000000000009,-0.8660254037844382,-1.062894459013447e-15), (-0.45358708595909997,-0.26187862617942603,0.8518675604819734), (-0.7377389480372657,-0.42593378024098716,-0.5237572523588492), 2.600938448354933, 3.963739662230647, 6.207900921800679,  (gDx*1, gDy*11, gDz*0)), rgb(0.1709777070777079,0.45301367920653207,0.557973424209117)  );
  draw(  ellipsoid( (0.5000000000000011,-0.866025403784438,-5.206803502502622e-16), (-0.45470414427984307,-0.2625235601016075,0.8510731587626962), (-0.737050975967561,-0.42553657938134876,-0.5250471202032125), 2.6597494005827755, 3.963660537813651, 6.070756330949472,  (gDx*1, gDy*12, gDz*0)), rgb(0.1758736662672602,0.4412122988851453,0.5576825221541901)  );
  draw(  ellipsoid( (0.5000000000000014,-0.8660254037844378,-7.969868494563278e-16), (-0.4559453549888905,-0.26324017343859685,0.8501872995711429), (-0.7362837994035,-0.42509364978557257,-0.5264803468771911), 2.7198901528695654, 3.963572525503841, 5.936654845185151,  (gDx*1, gDy*13, gDz*0)), rgb(0.18111537393788432,0.4288417218202093,0.5572335718635911)  );
  draw(  ellipsoid( (0.5000000000000012,-0.866025403784438,-6.55673828453512e-16), (-0.45733222658654143,-0.2640408841288321,0.8491935268440646), (-0.7354231669762623,-0.4245967634220332,-0.5280817682576617), 2.7813907739036994, 3.9634740665142725, 5.805530932311428,  (gDx*1, gDy*14, gDz*0)), rgb(0.18675059185981663,0.4158427646137679,0.5566060830309718)  );
  draw(  ellipsoid( (0.5000000000000007,-0.8660254037844384,-2.2479713641068835e-16), (-0.45889152734839983,-0.26494114684343867,0.8480711967972597), (-0.7344512006442987,-0.4240355983986303,-0.5298822936868747), 2.844282012269786, 3.9633632155202965, 5.6773209301495395,  (gDx*1, gDy*15, gDz*0)), rgb(0.19283105175745405,0.4021448263844567,0.5557622948787894)  );
  draw(  ellipsoid( (0.5000000000000009,-0.8660254037844382,-1.7025122709332257e-15), (-0.4606569934724076,-0.26596043918537976,0.846794059469764), (-0.733345167274566,-0.42339702973488197,-0.5319208783707576), 2.908595311822068, 3.9632375131184636, 5.551963141277467,  (gDx*1, gDy*16, gDz*0)), rgb(0.19940235478141838,0.387667421907502,0.5546470390114138)  );
  draw(  ellipsoid( (0.5000000000000018,-0.8660254037844377,-1.5700288042281718e-15), (-0.4626717469787918,-0.26712365766464224,0.8453282238654142), (-0.7320757164034272,-0.4226641119327076,-0.5342473153292813), 2.974362827405484, 3.963093804313352, 5.429397982466488,  (gDx*1, gDy*17, gDz*0)), rgb(0.20649865463122657,0.37231185500845565,0.5531747742436102)  );
  draw(  ellipsoid( (0.5000000000000023,-0.8660254037844374,-1.1137532698051028e-15), (-0.46499179167955923,-0.2684631360971636,0.8436291710387386), (-0.7306042934931536,-0.42181458551937095,-0.536926272194322), 3.0416174409321712, 3.9629279744235144, 5.309568217407838,  (gDx*1, gDy*18, gDz*0)), rgb(0.21413150741070733,0.3559745574791831,0.5512300194965676)  );
  draw(  ellipsoid( (0.5000000000000018,-0.8660254037844376,-1.3986771648647508e-15), (-0.4676911904176199,-0.2700216346852321,0.8416372539328714), (-0.7288792426772405,-0.42081862696643646,-0.54004326937046), 3.1103927778215046, 3.9627345550926965, 5.19241932002779,  (gDx*1, gDy*19, gDz*0)), rgb(0.22228066122898607,0.3385332353609582,0.5486466946285841)  );
  draw(  ellipsoid( (0.5000000000000028,-0.866025403784437,-2.305435352924561e-15), (-0.4708699437609078,-0.2718568887836663,0.8392707120372214), (-0.7268297572764875,-0.41963535601861174,-0.5437137775673292), 3.1807232238118637, 3.9625061194482316, 5.0779000493336515,  (gDx*1, gDy*20, gDz*0)), rgb(0.23087764575022032,0.3198571562443476,0.5451928738531308)  );
  draw(  ellipsoid( (0.5000000000000031,-0.8660254037844369,-2.10102929389878e-15), (-0.47466635986952954,-0.2740487506459369,0.8364144481521175), (-0.7243561601920753,-0.41820722407606037,-0.5480975012918674), 3.2526439421525457, 3.9622323223701255, 4.965963379812456,  (gDx*1, gDy*21, gDz*0)), rgb(0.23979961552057075,0.29980671875997134,0.5405717347351413)  );
  draw(  ellipsoid( (0.5000000000000009,-0.8660254037844382,-2.035276532786989e-15), (-0.4792771895850794,-0.27671081442339646,0.8329012550864409), (-0.7213136457488003,-0.41645062754322043,-0.5534216288467884), 3.326190891184384, 3.9618983177677105, 4.856568055470557,  (gDx*1, gDy*22, gDz*0)), rgb(0.24884459368304696,0.2782366159975136,0.5343815803889381)  );
  draw(  ellipsoid( (0.5000000000000036,-0.8660254037844366,-2.4463108966497586e-15), (-0.4849918128989682,-0.2800101537319889,0.8284788803753298), (-0.7174837569039236,-0.4142394401876667,-0.5600203074639705), 3.4014008423179263, 3.961482026721282, 4.749681293642572,  (gDx*1, gDy*23, gDz*0)), rgb(0.2577246375934373,0.2550044282004519,0.5261152709170968)  );
  draw(  ellipsoid( (0.5000000000000036,-0.8660254037844365,-1.548231654853865e-15), (-0.4922532440579706,-0.2842025429663411,0.8227488427739471), (-0.7125213987764861,-0.411374421386975,-0.5684050859326746), 3.4783113984180964, 3.960949157028547, 4.645283738015617,  (gDx*1, gDy*24, gDz*0)), rgb(0.2660517422959902,0.2299899732840571,0.5151772786299804)  );
  draw(  ellipsoid( (0.5000000000000026,-0.8660254037844372,-2.9973163497177316e-15), (-0.5017736455735832,-0.28969914934417285,0.8150445457010669), (-0.7058492817930707,-0.4075222728505341,-0.5793982986883387), 3.5569610126045843, 3.9602434959108495, 4.5433791391003915,  (gDx*1, gDy*25, gDz*0)), rgb(0.27333977236049256,0.20309239433332987,0.5008850816996576)  );
  draw(  ellipsoid( (0.5000000000000066,-0.8660254037844348,-5.445596784500212e-15), (-0.514769178798867,-0.29720212395006035,0.8041663945218757), (-0.6964285265256812,-0.40208319726094033,-0.5944042479001038), 3.6373890074773154, 3.959266345450596, 4.444014892564043,  (gDx*1, gDy*26, gDz*0)), rgb(0.2790182073472464,0.17423320035376713,0.48252333023978905)  );
  draw(  ellipsoid( (0.5000000000000052,-0.8660254037844357,-2.057248061361155e-15), (-0.5334796524113721,-0.3080046209268984,0.7877389249940104), (-0.6822019205946561,-0.39386946249700755,-0.6160092418537897), 3.719635594776653, 3.957828063546875, 4.347330472624917,  (gDx*1, gDy*27, gDz*0)), rgb(0.282462418367092,0.14333038444948684,0.45944253291351805)  );
  draw(  ellipsoid( (0.5000000000000171,-0.8660254037844288,-7.274730665981595e-15), (-0.562432256048186,-0.3247204144303633,0.7604121315502014), (-0.6585362232683437,-0.3802060657751103,-0.6494408288607044), 3.803741895488133, 3.955516800282047, 4.253688670603353,  (gDx*1, gDy*28, gDz*0)), rgb(0.28308011090975294,0.11024257068687995,0.43127413233243517)  );
  draw(  ellipsoid( (0.500000000000033,-0.8660254037844195,-2.4468792061986748e-14), (-0.6117260349574751,-0.3531801909530475,0.7078523934222266), (-0.6130181548332596,-0.35392619671111997,-0.7063603819060261), 3.8897499604018075, 3.951271257893426, 4.164102810422177,  (gDx*1, gDy*29, gDz*0)), rgb(0.2804257736589902,0.07480721911938767,0.3984711734008664)  );
  draw(  ellipsoid( (-0.7032534707053403,-0.40602358062020527,0.5835918161876849), (0.4999999999999616,-0.8660254037844608,5.529282767057284e-14), (-0.5054053382592262,-0.29179590809386446,-0.8120471612404998), 3.9416637200531204, 3.977702791136471, 4.081953695341203,  (gDx*1, gDy*30, gDz*0)), rgb(0.27535809044980186,0.04018664507988706,0.36667630319470695)  );
  draw(  ellipsoid( (0.833139082716105,0.4810130736785218,-0.2729573076532445), (0.2363879625763127,0.13647865382661928,0.9620261473570736), (0.4999999999999849,-0.8660254037844474,-1.6605668978582865e-15), 3.9147052578019066, 4.019184378568178, 4.067644361639233,  (gDx*1, gDy*31, gDz*0)), rgb(0.2758928227557196,0.04339254016630014,0.36948539692514)  );
  draw(  ellipsoid( (0.5000000000000001,-0.8660254037844385,-4.972432923331204e-16), (-0.4589673917411782,-0.2649849471710304,0.8480164568515555), (-0.7344037944607171,-0.42400822842577784,-0.5299698943420599), 2.0682163315969335, 3.92705105223781, 7.879841167583732,  (gDx*2, gDy*0, gDz*0)), rgb(0.13248381075778215,0.5521031875293334,0.5530340285037106)  );
  draw(  ellipsoid( (0.4999999999999996,-0.8660254037844388,1.7617201963645021e-16), (-0.4598529887532555,-0.26549624684434653,0.847376522949665), (-0.7338495954449378,-0.42368826147483213,-0.5309924936886921), 2.114981671988327, 3.9269261188435087, 7.705851496336146,  (gDx*2, gDy*1, gDz*0)), rgb(0.13532443870098024,0.5441443156336756,0.5541164300821498)  );
  draw(  ellipsoid( (0.49999999999999944,-0.866025403784439,7.315364981632755e-17), (-0.4608007764740221,-0.26604345234006493,0.8466897459328995), (-0.7332548291016829,-0.4233448729664494,-0.5320869046801306), 2.162804443862354, 3.9267922981671313, 7.535720641124637,  (gDx*2, gDy*2, gDz*0)), rgb(0.1383578031265254,0.5359211100177098,0.5550733339328962)  );
  draw(  ellipsoid( (0.5,-0.8660254037844387,5.326729228610595e-16), (-0.46181726400817036,-0.2666303216915329,0.8459509951638319), (-0.732615052168605,-0.4229754975819161,-0.5332606433830672), 2.2117085572628867, 3.9266486456555976, 7.369364418942555,  (gDx*2, gDy*3, gDz*0)), rgb(0.14156735325519107,0.5274198137056125,0.5559037528811461)  );
  draw(  ellipsoid( (0.499999999999999,-0.8660254037844392,5.556429107353979e-16), (-0.462909897351333,-0.26726115384633253,0.8451543661242633), (-0.7319251511829468,-0.422577183062131,-0.5345223076926675), 2.261718462874209, 3.926494078436877, 7.206700667397082,  (gDx*2, gDy*4, gDz*0)), rgb(0.14494018894299857,0.5186237703657743,0.5566040045212474)  );
  draw(  ellipsoid( (0.49999999999999933,-0.866025403784439,4.925622088945611e-16), (-0.4640872336735353,-0.2679408892888835,0.8442930293377577), (-0.7311792116446187,-0.42214651466887876,-0.5358817785777683), 2.3128591642456886, 3.9263273490869466, 7.047649229322124,  (gDx*2, gDy*5, gDz*0)), rgb(0.14846902122310154,0.509516545989204,0.5571699959957007)  );
  draw(  ellipsoid( (0.5,-0.8660254037844387,-3.3898283224306753e-16), (-0.46535915585287146,-0.26867523390151216,0.8433590426098904), (-0.7303703554114881,-0.42167952130494485,-0.5373504678030243), 2.3651562302928344, 3.9261470132046803, 6.892131944503247,  (gDx*2, gDy*6, gDz*0)), rgb(0.15215671095524408,0.5000766667565184,0.5576096164597985)  );
  draw(  ellipsoid( (0.4999999999999989,-0.8660254037844392,1.5796443833324985e-15), (-0.4667371384883673,-0.2694708125470519,0.8423431158031283), (-0.7294905369884462,-0.4211715579015641,-0.538941625094108), 2.4186358080810413, 3.92595138902433, 6.740072650265233,  (gDx*2, gDy*7, gDz*0)), rgb(0.15601051158540513,0.4902819056779659,0.5579188791149133)  );
  draw(  ellipsoid( (0.4999999999999992,-0.866025403784439,1.1908044533691379e-15), (-0.46823458033100085,-0.2703353609979929,0.8412343135989737), (-0.7285302861118764,-0.42061715679948697,-0.5406707219959881), 2.4733246358983876, 3.925738506693194, 6.591397193274368,  (gDx*2, gDy*8, gDz*0)), rgb(0.1600425412964672,0.48010439825082313,0.5580972275557116)  );
  draw(  ellipsoid( (0.4999999999999991,-0.8660254037844392,9.928298627099297e-16), (-0.46986722321159513,-0.2712779678045946,0.840019676397663), (-0.7274783794391596,-0.42000983819883114,-0.5425559356091921), 2.5292500566240337, 3.925506044001215, 6.446033455749356,  (gDx*2, gDy*9, gDz*0)), rgb(0.164275783501003,0.4695147648869162,0.5581449467262017)  );
  draw(  ellipsoid( (0.4999999999999995,-0.866025403784439,6.794357879443281e-16), (-0.4716536847494113,-0.27230938185434955,0.8386837319373764), (-0.7263214175985063,-0.41934186596868817,-0.544618763708702), 2.5864400313988933, 3.925251244158108, 6.303911400466262,  (gDx*2, gDy*10, gDz*0)), rgb(0.16874251619587155,0.4584767241145938,0.558060908656457)  );
  draw(  ellipsoid( (0.5000000000000001,-0.8660254037844385,9.626015450995938e-17), (-0.47361614235319827,-0.27344240728017,0.8372078592579628), (-0.7250432743653827,-0.4186039296289816,-0.5468848145603413), 2.644923153605411, 3.9249708095038147, 6.164963140653154,  (gDx*2, gDy*11, gDz*0)), rgb(0.17348326816549328,0.44694938404109114,0.5578392913573048)  );
  draw(  ellipsoid( (0.4999999999999998,-0.8660254037844388,6.875998027577504e-16), (-0.4757812207425625,-0.2746924158710864,0.835569450525582), (-0.7236243707813587,-0.4177847252627911,-0.5493848317421741), 2.704728663163463, 3.9246607625463152, 6.029123043362032,  (gDx*2, gDy*12, gDz*0)), rgb(0.17854132918526708,0.43488463198142724,0.5574704044862087)  );
  draw(  ellipsoid( (0.4999999999999991,-0.8660254037844392,5.28399335821876e-16), (-0.47818115669863454,-0.27607801954136163,0.8337407921557367), (-0.7220407061782302,-0.41687039607786797,-0.5521560390827254), 2.765886461149487, 3.9243162620312164, 5.896327878595981,  (gDx*2, gDy*13, gDz*0)), rgb(0.18396536893932972,0.42222806769260307,0.5569362391632015)  );
  draw(  ellipsoid( (0.49999999999999944,-0.8660254037844389,1.2326849342369672e-15), (-0.4808553465985959,-0.2776219637999685,0.8316875500230799), (-0.7202625463312282,-0.4158437750115399,-0.5552439275999393), 2.82842712474619, 3.9239313561868823, 5.766517032030353,  (gDx*2, gDy*14, gDz*0)), rgb(0.18980979959268132,0.40891158569541547,0.5562029487684629)  );
  draw(  ellipsoid( (0.49999999999999895,-0.8660254037844394,4.689038035134799e-16), (-0.4838524302894,-0.27935233087563904,0.8293666866575897), (-0.7182526196980016,-0.41468334332879486,-0.5587046617512789), 2.892381922530268, 3.9234986467469426, 5.639632807709017,  (gDx*2, gDy*15, gDz*0)), rgb(0.19611743689219432,0.39486695773422364,0.5552314993660452)  );
  draw(  ellipsoid( (0.49999999999999867,-0.8660254037844394,2.0335693682950714e-15), (-0.4872331385056773,-0.2813041836743555,0.826723548103725), (-0.7159635945646324,-0.4133617740518627,-0.5626083673487159), 2.9577828301058373, 3.9230088239536514, 5.5156208604957815,  (gDx*2, gDy*16, gDz*0)), rgb(0.20292992925913325,0.38000446584944464,0.5539519205610635)  );
  draw(  ellipsoid( (0.4999999999999995,-0.866025403784439,7.276096527406636e-16), (-0.491074246208118,-0.2835218482403471,0.8236877116246827), (-0.713334483052046,-0.411843855812341,-0.5670436964806981), 3.0246625460913115, 3.9224500112406937, 5.394430819565885,  (gDx*2, gDy*17, gDz*0)), rgb(0.2102685520091387,0.3642289431719238,0.5522644872913371)  );
  draw(  ellipsoid( (0.49999999999999956,-0.8660254037844389,1.696317698128644e-15), (-0.4954741579913436,-0.2860621384928035,0.82016694135017), (-0.7102854065534288,-0.41008347067508555,-0.5721242769856099), 3.093054508467826, 3.921806822895949, 5.276017199621308,  (gDx*2, gDy*18, gDz*0)), rgb(0.21813033286367886,0.34743128746098845,0.5500378920395437)  );
  draw(  ellipsoid( (0.49999999999999944,-0.866025403784439,1.759658285735056e-15), (-0.5005609512275445,-0.2889989999370349,0.8160381805660625), (-0.7067097948282426,-0.40801909028303196,-0.5779979998740742), 3.1629929112972563, 3.9210589780858633, 5.160340756432568,  (gDx*2, gDy*19, gDz*0)), rgb(0.22646946891529235,0.3294879084052109,0.5470694106798563)  );
  draw(  ellipsoid( (0.49999999999999784,-0.8660254037844398,3.076845805190881e-15), (-0.5065042015273041,-0.29243033709746136,0.8111337693501935), (-0.7024624501246952,-0.4055668846750965,-0.5848606741949293), 3.234512721818324, 3.9201792100110247, 5.047370547922358,  (gDx*2, gDy*20, gDz*0)), rgb(0.23518889675886037,0.3102809682996056,0.5431140416764979)  );
  draw(  ellipsoid( (0.4999999999999988,-0.8660254037844394,2.5220743036945555e-15), (-0.5135327641686593,-0.29648827963046476,0.8052197216704664), (-0.6973407345948591,-0.40260986083523326,-0.5929765592609342), 3.3076496979292003, 3.9191300199315506, 4.9370871510372405,  (gDx*2, gDy*21, gDz*0)), rgb(0.24413137715032687,0.2896723271258775,0.5378279517478157)  );
  draw(  ellipsoid( (0.49999999999999784,-0.8660254037844398,3.87244556817651e-15), (-0.5219621578984657,-0.30135499236947283,0.7979603212541162), (-0.6910539094180561,-0.3989801606270587,-0.6027099847389518), 3.382440406065483, 3.9178584709345246, 4.8294878395210326,  (gDx*2, gDy*22, gDz*0)), rgb(0.2530535314043078,0.2675470334692073,0.5307910550710654)  );
  draw(  ellipsoid( (0.49999999999999695,-0.8660254037844404,5.997819028919794e-15), (-0.5322377829723466,-0.3072876272719684,0.7888581979685862), (-0.6831712394244093,-0.39442909898429346,-0.614575254543945), 3.4589222394823596, 3.916287521347996, 4.724595222670693,  (gDx*2, gDy*23, gDz*0)), rgb(0.2616250054706865,0.24380370429987064,0.521488800962261)  );
  draw(  ellipsoid( (0.4999999999999978,-0.86602540378444,5.601812591899285e-15), (-0.5450047154856583,-0.31465861919525273,0.777148514419563), (-0.6730303560006784,-0.3885742572097822,-0.6293172383905165), 3.5371334369502123, 3.914300972159389, 4.6224722707033035,  (gDx*2, gDy*24, gDz*0)), rgb(0.26942541633837075,0.21838473644838943,0.5093466377199796)  );
  draw(  ellipsoid( (0.4999999999999991,-0.8660254037844392,3.621464265757058e-15), (-0.5612222443737093,-0.32402181386436324,0.761603214646698), (-0.6595677314879334,-0.38080160732334967,-0.6480436277287317), 3.6171131018729015, 3.911716030829087, 4.5232497243295455,  (gDx*2, gDy*25, gDz*0)), rgb(0.2759407458011261,0.19129381159996003,0.493759500113078)  );
  draw(  ellipsoid( (0.4999999999999966,-0.8660254037844407,5.19664136863105e-15), (-0.58235078245082,-0.3362203810107613,0.7401509451266655), (-0.640989521114753,-0.37007547256333245,-0.6724407620215372), 3.6989012218384074, 3.908230544416634, 4.4271788356031045,  (gDx*2, gDy*26, gDz*0)), rgb(0.2806341644771744,0.16264855047854437,0.47427187772699736)  );
  draw(  ellipsoid( (0.4999999999999845,-0.8660254037844477,1.84828647670858e-14), (-0.6106347699315474,-0.3525501487964922,0.7091075872772885), (-0.6141051845984214,-0.35455379363864487,-0.7051002975930333), 3.7825386886114583, 3.9033156512944296, 4.334738690757867,  (gDx*2, gDy*27, gDz*0)), rgb(0.2830019117151521,0.13276837037957845,0.45080158276794335)  );
  draw(  ellipsoid( (0.4999999999999441,-0.8660254037844708,6.500799668538938e-14), (-0.6493895911133409,-0.37492525523813197,0.661607294350863), (-0.5729687242369331,-0.33080364717543703,-0.7498505104764083), 3.868067318578304, 3.895986865067646, 4.246865101401784,  (gDx*2, gDy*28, gDz*0)), rgb(0.2827738879470257,0.10260806165626903,0.42436088442832937)  );
  draw(  ellipsoid( (-0.7024911628051626,-0.4055834619489167,0.5848146899439018), (0.5000000000000152,-0.8660254037844298,1.272030322185701e-15), (-0.5064643779977338,-0.29240734497195986,-0.8111669238977992), 3.8843171274819803, 3.955529873653708, 4.1654375272730695,  (gDx*2, gDy*29, gDz*0)), rgb(0.28054061686401816,0.07581278402465692,0.3994173934920542)  );
  draw(  ellipsoid( (0.7695661927732146,0.4443092485568511,-0.4586471046320751), (0.5000000000000238,-0.866025403784425,5.095746455778885e-14), (0.3972000439835292,0.2293235523160781,0.8886184971137038), 3.8645971188083705, 4.044970082660725, 4.094118742057537,  (gDx*2, gDy*30, gDz*0)), rgb(0.2791944086364375,0.06510732070963351,0.38936380772778045)  );
  draw(  ellipsoid( (-0.832879277626252,-0.4808630751399794,0.2740124301335531), (0.23730172544837938,0.1370062150667528,0.9617261502799561), (0.4999999999999948,-0.8660254037844417,-2.6815792108494328e-14), 3.83122955674111, 4.038460511218804, 4.1364326631938635,  (gDx*2, gDy*31, gDz*0)), rgb(0.2811132057579018,0.08105656660783046,0.4043483139111062)  );
  draw(  ellipsoid( (0.4999999999999995,-0.8660254037844388,-1.7793523824292012e-16), (-0.4716090413026796,-0.272283606948363,0.8387172047530422), (-0.7263504059072091,-0.41935860237652084,-0.5445672138967271), 2.1031921249676113, 3.8884111727068493, 7.825801802416342,  (gDx*3, gDy*0, gDz*0)), rgb(0.13392898210726747,0.5480173990030546,0.5536096011098612)  );
  draw(  ellipsoid( (0.49999999999999967,-0.8660254037844388,5.038423919112736e-17), (-0.4729107908055639,-0.27303517237427055,0.8377393261547463), (-0.725503538199268,-0.41886966307737294,-0.5460703447485419), 2.1507483182584077, 3.8881348080488487, 7.653305820727454,  (gDx*3, gDy*1, gDz*0)), rgb(0.13686632666910875,0.5399343065572766,0.5546253437452517)  );
  draw(  ellipsoid( (0.49999999999999895,-0.8660254037844394,1.4806720289093462e-15), (-0.4743026081860363,-0.27383873851354806,0.8366895368995789), (-0.7245943940356732,-0.4183447684497889,-0.5476774770270985), 2.199379825351246, 3.8878389189318043, 7.484649612956106,  (gDx*3, gDy*2, gDz*0)), rgb(0.13998907373319444,0.5315810199149349,0.5555168542963882)  );
  draw(  ellipsoid( (0.4999999999999992,-0.8660254037844392,6.737778437145143e-16), (-0.4757937349711198,-0.2746996409643123,0.8355599493850275), (-0.7236161425522737,-0.4177799746925135,-0.5493992819286263), 2.2491109606349045, 3.88752145012636, 7.319750763024555,  (gDx*3, gDy*3, gDz*0)), rgb(0.14327754855702493,0.5229440662714122,0.5562808684384485)  );
  draw(  ellipsoid( (0.4999999999999995,-0.866025403784439,1.1887599343075808e-16), (-0.47739471021177254,-0.2756239644504701,0.8343414893689656), (-0.7225609252248683,-0.41717074468448206,-0.5512479289009411), 2.2999665882814058, 3.8871800491370148, 7.158529019905451,  (gDx*3, gDy*4, gDz*0)), rgb(0.14672554678876995,0.5140061239084279,0.5569094005425802)  );
  draw(  ellipsoid( (0.49999999999999883,-0.8660254037844394,8.274326107294142e-16), (-0.4791176045640455,-0.2766186779685386,0.8330236659277748), (-0.7214196566470951,-0.4165118329638865,-0.5532373559370797), 2.3519721346774007, 3.8868120106866826, 7.000906311837825,  (gDx*3, gDy*5, gDz*0)), rgb(0.1503277898775029,0.5047487562080962,0.5574114350577247)  );
  draw(  ellipsoid( (0.4999999999999988,-0.8660254037844394,9.228857858286856e-16), (-0.48097630643464595,-0.27769179999387295,0.8315942862145269), (-0.720181777503768,-0.415797143107263,-0.5553835999877487), 2.405153601136637, 3.8864142083430315, 6.846806774314492,  (gDx*3, gDy*6, gDz*0)), rgb(0.154092007320374,0.4951501288833777,0.5577822004473904)  );
  draw(  ellipsoid( (0.49999999999999933,-0.866025403784439,4.647119349744828e-16), (-0.4829868740612856,-0.27885260175433735,0.8300390990666312), (-0.7188349459260513,-0.4150195495333153,-0.557705203508677), 2.4595375768998986, 3.885983009693087, 6.696156795414186,  (gDx*3, gDy*7, gDz*0)), rgb(0.15802456663952918,0.4851865264620749,0.5580251051183425)  );
  draw(  ellipsoid( (0.49999999999999895,-0.8660254037844394,9.465772018043369e-16), (-0.4851679717279336,-0.2801118590793044,0.8283413460721003), (-0.7173646487034365,-0.4141706730360496,-0.5602237181586128), 2.5151512524288693, 3.885514170284466, 6.548885083240355,  (gDx*3, gDy*8, gDz*0)), rgb(0.16214513711398942,0.47483016250348564,0.5581400169230694)  );
  draw(  ellipsoid( (0.4999999999999988,-0.8660254037844394,1.4159105847960953e-15), (-0.4875414142003183,-0.28148216672964116,0.8264811911064524), (-0.7157537072482096,-0.41324059555322595,-0.5629643334592871), 2.572022433000615, 3.8850026999061402, 6.404922761874342,  (gDx*3, gDy*9, gDz*0)), rgb(0.16647953555015582,0.4640484536207807,0.5581210161452644)  );
  draw(  ellipsoid( (0.4999999999999982,-0.8660254037844396,1.5416349399443327e-15), (-0.4901328515399016,-0.2829783337752382,0.8244349886165402), (-0.7139816439106585,-0.41221749430826926,-0.5659566675504808), 2.630179552609425, 3.884442692475729, 6.264203504557037,  (gDx*3, gDy*10, gDz*0)), rgb(0.17106338663356713,0.45280468828988724,0.5579697842279857)  );
  draw(  ellipsoid( (0.4999999999999991,-0.8660254037844392,1.0186501712028727e-15), (-0.4929726376337744,-0.2846178850409774,0.8221743355634499), (-0.7120238609375392,-0.41108716778172505,-0.5692357700819578), 2.689651688183027, 3.8838271075282615, 6.126663716085818,  (gDx*3, gDy*11, gDz*0)), rgb(0.17593996571070158,0.44105459673238306,0.5576774931192894)  );
  draw(  ellipsoid( (0.499999999999999,-0.8660254037844393,8.98277099725287e-16), (-0.4960969414091722,-0.28642170266673406,0.8196648296504818), (-0.7098505650659619,-0.4098324148252407,-0.5728434053334704), 2.7504685741202195, 3.8831474865969935, 5.99224278111782,  (gDx*3, gDy*12, gDz*0)), rgb(0.18115547783868413,0.428748277512937,0.5572295787278015)  );
